camera_matrix:
- - 953.5930977482589
  - 0.0
  - 625.7962923730023
- - 0.0
  - 953.1996330339775
  - 463.9562742350187
- - 0.0
  - 0.0
  - 1.0
dist_coeff:
- - -0.23441847518732772
  - 5.594575429708615
  - 0.0016813628959013926
  - 0.011409871356126183
  - -29.656967510914917
